
1155.047279922    0    1.0    0.5  0.5
1165.009344113    0    1.0    0.5  0.5
1187.026793128    0    1.0    0.5  0.5
1222.977358427    0    1.0    0.5  0.5
1240.937068246    0    1.0    0.5  0.5
1247.976301923    0    1.0    0.5  0.5
1257.904683303    0    1.0    0.5  0.5
1275.894849749    0    1.0    0.5  0.5
1299.758455849    0    1.0    0.5  0.5
1342.777945393    0    1.0    0.5  0.5
1367.689765509    0    1.0    0.5  0.5
1391.736099931    0    1.0    0.5  0.5
1419.572982090    0    1.0    0.5  0.5
1551.991672780    0    1.0    0.5  0.5
1569.975544626    0    1.0    0.5  0.5

1 0              1 0    0 0        0 0        0 0        0 0

171.277 0          319.7 0     0.35 0     17.3 0     33.1 0     33.4 0          0 0

