
art_triple.master.obs  0.0002  0.0019  art_triple  1  1  1

   51.0          0 1  .375  .000  0.625
   12.0833333    0 1  .300  .200  0.500
   -8.75         0 1  .300  .200  0.500
   42.416667     0 1  .300  .200  0.500
   69.5          0 1  .125  .250  0.625
   78.5833333    0 1  .300  .200  0.500
   91.75         0 1  .300  .200  0.500
   29.916667     0 1  .300  .200  0.500

1 0     1 0    0 0    0 0    0 0    0 0

1 0.001     0.25 1    0 0.1      180 180     60 10     120 20      0 0

100  1000  0.001

