V453_Cyg.master.obs   0 10    V453_Cyg    1 1 0

2.480025   0   0.01   0.727273   0.272727 
6.531810   0   0.01   0.727273   0.272727 
3.424391   0   0.01   0.727273   0.272727 
7.651999   0   0.01   1.000000   0.000000 
4.472093   0   0.01   0.727273   0.272727 
8.474703   0   0.01   0.727273   0.272727 
8.615600   0   0.01   0.727273   0.272727 
1.489869   0   0.01   0.727273   0.272727 

1 0   0 0   0 0   0 0   0 0   0 0

3.8898128 0   0 2   0.1 0.1   180 180   175 20   225 20   0 0

100  1000  0.00001

